333333333
111111111111111111111
1111111111111111111111
2222222222222222222
555555555555555555555
4444444444444444444444
88888888888888888888
5555555555555555555555
333333333333333333333333333
7777777777777777777777
88888888888888888888888
999999999999999999999999
66666666666666666666666666
4444444444444444444444444
555555555555555555555555
000000000000000000000000
333333333333333333333
1111111111111111111111111
555555555555555555555555
4444444444444444444444444
333333333333333333333333333
77777777777777777777777777
55555555555555555555555555
88888888888888888888888888
